a,b,result
1,3,3
1,4,4
2,3,6
2,4,8
2,5,10
2,6,12
2,7,14
2,8,16
2,9,18
2,10,20
3,1,3
3,2,6
3,8,24
3,10,30
5,6,30
5,7,35
8,7,56
8,8,64
8,9,72
8,10,80
9,1,9
9,2,18
9,3,27
9,4,36
10,4,40
10,5,50
10,9,90
10,10,100
